2
32,32
22,20
::Tileset
dungeon
::CellInfo
0,128,576,0,0,0
0,128,576,0,1,0
0,128,576,0,2,0
0,128,576,0,3,0
0,128,576,0,4,0
0,128,576,0,5,0
0,128,576,0,6,0
0,128,576,0,7,0
0,128,576,0,8,0
0,64,544,0,9,0
0,160,544,0,10,0
0,128,576,0,11,0
0,128,576,0,12,0
0,128,576,0,13,0
0,128,576,0,14,0
0,128,576,0,15,0
0,128,576,0,16,0
0,128,576,0,17,0
0,128,576,0,18,0
0,128,576,0,19,0
0,128,576,1,0,0
0,32,480,1,1,0
0,32,480,1,2,0
0,0,576,1,3,0
0,0,576,1,4,0
0,0,576,1,5,0
0,0,576,1,6,0
0,0,576,1,7,0
0,0,576,1,8,0
0,160,544,1,9,0
0,64,544,1,10,0
0,0,576,1,11,0
0,0,576,1,12,0
0,0,576,1,13,0
0,0,576,1,14,0
0,0,576,1,15,0
0,0,576,1,16,0
0,32,480,1,17,0
0,32,480,1,18,0
0,128,576,1,19,0
0,128,576,2,0,0
0,32,480,2,1,0
0,32,480,2,2,0
0,0,576,2,3,0
0,160,544,2,4,0
0,64,544,2,5,0
0,160,544,2,6,0
0,64,544,2,7,0
0,160,544,2,8,0
0,64,544,2,9,0
0,160,544,2,10,0
0,64,544,2,11,0
0,160,544,2,12,0
0,64,544,2,13,0
0,160,544,2,14,0
0,64,544,2,15,0
0,0,576,2,16,0
0,32,480,2,17,0
0,32,480,2,18,0
0,128,576,2,19,0
0,128,576,3,0,0
0,32,480,3,1,0
0,32,480,3,2,0
0,0,576,3,3,0
0,64,544,3,4,0
0,160,544,3,5,0
0,64,544,3,6,0
0,160,544,3,7,0
0,64,544,3,8,0
0,160,544,3,9,0
0,64,544,3,10,0
0,160,544,3,11,0
0,64,544,3,12,0
0,160,544,3,13,0
0,64,544,3,14,0
0,160,544,3,15,0
0,0,576,3,16,0
0,32,480,3,17,0
0,32,480,3,18,0
0,128,576,3,19,0
0,128,576,4,0,0
0,32,480,4,1,0
0,32,480,4,2,0
0,0,576,4,3,0
0,160,544,4,4,0
0,64,544,4,5,0
0,160,544,4,6,0
0,64,544,4,7,0
0,160,544,4,8,0
0,64,544,4,9,0
0,160,544,4,10,0
0,64,544,4,11,0
0,160,544,4,12,0
0,64,544,4,13,0
0,160,544,4,14,0
0,64,544,4,15,0
0,0,576,4,16,0
0,32,480,4,17,0
0,32,480,4,18,0
0,128,576,4,19,0
0,128,576,5,0,0
0,32,480,5,1,0
0,32,480,5,2,0
0,0,576,5,3,0
0,64,544,5,4,0
0,160,544,5,5,0
0,64,544,5,6,0
0,160,544,5,7,0
0,64,544,5,8,0
0,160,544,5,9,0
0,64,544,5,10,0
0,160,544,5,11,0
0,64,544,5,12,0
0,160,544,5,13,0
0,64,544,5,14,0
0,160,544,5,15,0
0,0,576,5,16,0
0,32,480,5,17,0
0,32,480,5,18,0
0,128,576,5,19,0
0,128,576,6,0,0
0,32,480,6,1,0
0,32,480,6,2,0
0,0,576,6,3,0
0,160,544,6,4,0
0,64,544,6,5,0
0,160,544,6,6,0
0,64,544,6,7,0
0,160,544,6,8,0
0,64,544,6,9,0
0,160,544,6,10,0
0,64,544,6,11,0
0,160,544,6,12,0
0,64,544,6,13,0
0,160,544,6,14,0
0,64,544,6,15,0
0,0,576,6,16,0
0,32,480,6,17,0
0,32,480,6,18,0
0,128,576,6,19,0
0,128,576,7,0,0
0,32,480,7,1,0
0,32,480,7,2,0
0,0,576,7,3,0
0,64,544,7,4,0
0,160,544,7,5,0
0,64,544,7,6,0
0,160,544,7,7,0
0,64,544,7,8,0
0,160,544,7,9,0
0,64,544,7,10,0
0,160,544,7,11,0
0,64,544,7,12,0
0,160,544,7,13,0
0,64,544,7,14,0
0,160,544,7,15,0
0,0,576,7,16,0
0,32,480,7,17,0
0,32,480,7,18,0
0,128,576,7,19,0
0,128,576,8,0,0
0,32,480,8,1,0
0,32,480,8,2,0
0,0,576,8,3,0
0,160,544,8,4,0
0,64,544,8,5,0
0,160,544,8,6,0
0,64,544,8,7,0
0,160,544,8,8,0
0,64,544,8,9,0
0,160,544,8,10,0
0,64,544,8,11,0
0,160,544,8,12,0
0,64,544,8,13,0
0,160,544,8,14,0
0,64,544,8,15,0
0,0,576,8,16,0
0,32,480,8,17,0
0,32,480,8,18,0
0,128,576,8,19,0
0,128,576,9,0,0
0,32,480,9,1,0
0,32,480,9,2,0
0,0,576,9,3,0
0,64,544,9,4,0
0,160,544,9,5,0
0,64,544,9,6,0
0,160,544,9,7,0
0,64,544,9,8,0
0,160,544,9,9,0
0,64,544,9,10,0
0,160,544,9,11,0
0,64,544,9,12,0
0,160,544,9,13,0
0,64,544,9,14,0
0,160,544,9,15,0
0,0,576,9,16,0
0,32,480,9,17,0
0,32,480,9,18,0
0,128,576,9,19,0
0,128,576,10,0,0
0,32,480,10,1,0
0,32,480,10,2,0
0,0,576,10,3,0
0,160,544,10,4,0
0,64,544,10,5,0
0,160,544,10,6,0
0,64,544,10,7,0
0,160,544,10,8,0
0,64,544,10,9,0
0,160,544,10,10,0
0,64,544,10,11,0
0,160,544,10,12,0
0,64,544,10,13,0
0,160,544,10,14,0
0,64,544,10,15,0
0,0,576,10,16,0
0,32,480,10,17,0
0,32,480,10,18,0
0,128,576,10,19,0
0,128,576,11,0,0
0,32,480,11,1,0
0,32,480,11,2,0
0,0,576,11,3,0
0,64,544,11,4,0
0,160,544,11,5,0
0,64,544,11,6,0
0,160,544,11,7,0
0,64,544,11,8,0
0,160,544,11,9,0
0,64,544,11,10,0
0,160,544,11,11,0
0,64,544,11,12,0
0,160,544,11,13,0
0,64,544,11,14,0
0,160,544,11,15,0
0,0,576,11,16,0
0,32,480,11,17,0
0,32,480,11,18,0
0,128,576,11,19,0
0,128,576,12,0,0
0,32,480,12,1,0
0,32,480,12,2,0
0,0,576,12,3,0
0,160,544,12,4,0
0,64,544,12,5,0
0,160,544,12,6,0
0,64,544,12,7,0
0,160,544,12,8,0
0,64,544,12,9,0
0,160,544,12,10,0
0,64,544,12,11,0
0,160,544,12,12,0
0,64,544,12,13,0
0,160,544,12,14,0
0,64,544,12,15,0
0,0,576,12,16,0
0,32,480,12,17,0
0,32,480,12,18,0
0,128,576,12,19,0
0,128,576,13,0,0
0,32,480,13,1,0
0,32,480,13,2,0
0,0,576,13,3,0
0,64,544,13,4,0
0,160,544,13,5,0
0,64,544,13,6,0
0,160,544,13,7,0
0,64,544,13,8,0
0,160,544,13,9,0
0,64,544,13,10,0
0,160,544,13,11,0
0,64,544,13,12,0
0,160,544,13,13,0
0,64,544,13,14,0
0,160,544,13,15,0
0,0,576,13,16,0
0,32,480,13,17,0
0,32,480,13,18,0
0,128,576,13,19,0
0,128,576,14,0,0
0,32,480,14,1,0
0,32,480,14,2,0
0,64,544,14,3,0
0,160,544,14,4,0
0,64,544,14,5,0
0,160,544,14,6,0
0,64,544,14,7,0
0,160,544,14,8,0
0,64,544,14,9,0
0,160,544,14,10,0
0,64,544,14,11,0
0,160,544,14,12,0
0,64,544,14,13,0
0,160,544,14,14,0
0,64,544,14,15,0
0,0,576,14,16,0
0,32,480,14,17,0
0,32,480,14,18,0
0,128,576,14,19,0
0,128,576,15,0,0
0,32,480,15,1,0
0,32,480,15,2,0
0,160,544,15,3,0
0,64,544,15,4,0
0,160,544,15,5,0
0,64,544,15,6,0
0,160,544,15,7,0
0,64,544,15,8,0
0,160,544,15,9,0
0,64,544,15,10,0
0,160,544,15,11,0
0,64,544,15,12,0
0,160,544,15,13,0
0,64,544,15,14,0
0,160,544,15,15,0
0,0,576,15,16,0
0,32,480,15,17,0
0,32,480,15,18,0
0,128,576,15,19,0
0,128,576,16,0,0
0,32,480,16,1,0
0,32,480,16,2,0
0,0,576,16,3,0
0,160,544,16,4,0
0,64,544,16,5,0
0,160,544,16,6,0
0,64,544,16,7,0
0,160,544,16,8,0
0,64,544,16,9,0
0,160,544,16,10,0
0,64,544,16,11,0
0,160,544,16,12,0
0,64,544,16,13,0
0,160,544,16,14,0
0,64,544,16,15,0
0,0,576,16,16,0
0,32,480,16,17,0
0,32,480,16,18,0
0,128,576,16,19,0
0,128,576,17,0,0
0,32,480,17,1,0
0,32,480,17,2,0
0,0,576,17,3,0
0,0,576,17,4,0
0,0,576,17,5,0
0,0,576,17,6,0
0,0,576,17,7,0
0,0,576,17,8,0
0,0,576,17,9,0
0,0,576,17,10,0
0,0,576,17,11,0
0,0,576,17,12,0
0,0,576,17,13,0
0,0,576,17,14,0
0,0,576,17,15,0
0,0,576,17,16,0
0,32,480,17,17,0
0,32,480,17,18,0
0,128,576,17,19,0
0,128,576,18,0,0
0,32,480,18,1,0
0,32,480,18,2,0
0,32,480,18,3,0
0,32,480,18,4,0
0,32,480,18,5,0
0,32,480,18,6,0
0,32,480,18,7,0
0,32,480,18,8,0
0,32,480,18,9,0
0,32,480,18,10,0
0,32,480,18,11,0
0,32,480,18,12,0
0,32,480,18,13,0
0,32,480,18,14,0
0,32,480,18,15,0
0,32,480,18,16,0
0,32,480,18,17,0
0,32,480,18,18,0
0,128,576,18,19,0
0,128,576,19,0,0
0,32,480,19,1,0
0,32,480,19,2,0
0,32,480,19,3,0
0,32,480,19,4,0
0,32,480,19,5,0
0,32,480,19,6,0
0,32,480,19,7,0
0,32,480,19,8,0
0,32,480,19,9,0
0,32,480,19,10,0
0,32,480,19,11,0
0,32,480,19,12,0
0,32,480,19,13,0
0,32,480,19,14,0
0,32,480,19,15,0
0,32,480,19,16,0
0,32,480,19,17,0
0,32,480,19,18,0
0,128,576,19,19,0
0,128,576,20,0,0
0,32,480,20,1,0
0,32,480,20,2,0
0,32,480,20,3,0
0,32,480,20,4,0
0,32,480,20,5,0
0,32,480,20,6,0
0,32,480,20,7,0
0,32,480,20,8,0
0,32,480,20,9,0
0,32,480,20,10,0
0,32,480,20,11,0
0,32,480,20,12,0
0,32,480,20,13,0
0,32,480,20,14,0
0,32,480,20,15,0
0,32,480,20,16,0
0,32,480,20,17,0
0,32,480,20,18,0
0,128,576,20,19,0
0,128,576,21,0,0
0,128,576,21,1,0
0,128,576,21,2,0
0,128,576,21,3,0
0,128,576,21,4,0
0,128,576,21,5,0
0,128,576,21,6,0
0,128,576,21,7,0
0,128,576,21,8,0
0,128,576,21,9,0
0,128,576,21,10,0
0,128,576,21,11,0
0,128,576,21,12,0
0,128,576,21,13,0
0,128,576,21,14,0
0,128,576,21,15,0
0,128,576,21,16,0
0,128,576,21,17,0
0,128,576,21,18,0
0,128,576,21,19,0
1,32,992,7,17,0
1,96,288,12,14,0
1,96,288,13,8,0
1,96,288,14,10,0
1,128,736,14,18,0
1,96,864,19,17,0
::END
